{
   "camera_matrix" : {
      "c_x" : 400,
      "c_y" : 400,
      "focal_x" : 800,
      "focal_y" : 800
   },
   "views" : [
      {
         "id" : 0,
         "rotation" : [ 1, 0, 0, 0, 0, -1, 0, 1, 0 ],
         "translation" : [ 0, 0.40000000000000002, 0 ]
      },
      {
         "id" : 1,
         "rotation" : [
            1,
            0,
            0,
            0,
            -0.70710678118654746,
            -0.70710678118654768,
            0,
            0.70710678118654768,
            -0.70710678118654746
         ],
         "translation" : [ 0, 0.28284271247461906, 0.28284271247461901 ]
      },
      {
         "id" : 2,
         "rotation" : [ 1, 0, 0, 0, -1, 0, 0, 0, -1 ],
         "translation" : [ 0, 0, 0.40000000000000002 ]
      },
      {
         "id" : 3,
         "rotation" : [
            1,
            0,
            0,
            0,
            -0.70710678118654746,
            0.70710678118654746,
            0,
            -0.70710678118654746,
            -0.70710678118654746
         ],
         "translation" : [ 0, -0.28284271247461901, 0.28284271247461906 ]
      },
      {
         "id" : 4,
         "rotation" : [ 1, 0, 0, 0, 0, 1, 0, -1, 0 ],
         "translation" : [ 0, -0.40000000000000002, 0 ]
      },
      {
         "id" : 4,
         "rotation" : [
            0.58682408883346526,
            -0.4924038765061039,
            -0.64278760968653925,
            -0.4924038765061039,
            0.41317591116653485,
            -0.76604444311897812,
            0.64278760968653925,
            0.76604444311897812,
            0
         ],
         "translation" : [ 0.2571150438746157, 0.30641777724759123, 0 ]
      },
      {
         "id" : 5,
         "rotation" : [
            0.29466460022467811,
            -0.84058599666611344,
            -0.4545194776720437,
            -0.84058599666611344,
            -0.0017713814112254589,
            -0.54167522041970195,
            0.4545194776720437,
            0.54167522041970195,
            -0.70710678118654746
         ],
         "translation" : [ 0.18180779106881748, 0.21667008816788078, 0.28284271247461901 ]
      },
      {
         "id" : 6,
         "rotation" : [ 1, 0, 0, 0, -1, 0, 0, 0, -1 ],
         "translation" : [ 0, 0, 0.40000000000000002 ]
      },
      {
         "id" : 7,
         "rotation" : [
            0.29466460022467811,
            -0.84058599666611311,
            0.45451947767204354,
            -0.84058599666611311,
            -0.0017713814112247928,
            0.54167522041970162,
            -0.45451947767204354,
            -0.54167522041970162,
            -0.70710678118654657
         ],
         "translation" : [ -0.18180779106881745, -0.21667008816788072, 0.28284271247461906 ]
      },
      {
         "id" : 8,
         "rotation" : [
            0.58682408883346526,
            -0.4924038765061039,
            0.64278760968653925,
            -0.4924038765061039,
            0.41317591116653485,
            0.76604444311897812,
            -0.64278760968653925,
            -0.76604444311897812,
            0
         ],
         "translation" : [ -0.2571150438746157, -0.30641777724759123, 0 ]
      },
      {
         "id" : 8,
         "rotation" : [
            0.030153689607046008,
            -0.17101007166283441,
            -0.98480775301220802,
            -0.17101007166283441,
            0.96984631039295421,
            -0.17364817766693041,
            0.98480775301220802,
            0.17364817766693041,
            0
         ],
         "translation" : [ 0.39392310120488322, 0.069459271066772174, 0 ]
      },
      {
         "id" : 9,
         "rotation" : [
            -0.65563121318056483,
            -0.29193245298682208,
            -0.69636424032001898,
            -0.29193245298682208,
            0.9485244319940177,
            -0.12278780396897292,
            0.69636424032001898,
            0.12278780396897292,
            -0.70710678118654702
         ],
         "translation" : [ 0.27854569612800761, 0.049115121587589169, 0.28284271247461901 ]
      },
      {
         "id" : 10,
         "rotation" : [ 1, 0, 0, 0, -1, 0, 0, 0, -1 ],
         "translation" : [ 0, 0, 0.40000000000000002 ]
      },
      {
         "id" : 11,
         "rotation" : [
            -0.65563121318056483,
            -0.29193245298682208,
            0.69636424032001876,
            -0.29193245298682208,
            0.9485244319940177,
            0.12278780396897289,
            -0.69636424032001876,
            -0.12278780396897289,
            -0.70710678118654702
         ],
         "translation" : [ -0.27854569612800756, -0.049115121587589156, 0.28284271247461906 ]
      },
      {
         "id" : 12,
         "rotation" : [
            0.030153689607046008,
            -0.17101007166283441,
            0.98480775301220802,
            -0.17101007166283441,
            0.96984631039295421,
            0.17364817766693041,
            -0.98480775301220802,
            -0.17364817766693041,
            0
         ],
         "translation" : [ -0.39392310120488322, -0.069459271066772174, 0 ]
      },
      {
         "id" : 12,
         "rotation" : [
            0.25000000000000011,
            0.43301270189221902,
            -0.8660254037844386,
            0.43301270189221902,
            0.75000000000000022,
            0.49999999999999978,
            0.8660254037844386,
            -0.49999999999999978,
            0
         ],
         "translation" : [ 0.34641016151377552, -0.19999999999999993, 0 ]
      },
      {
         "id" : 13,
         "rotation" : [
            -0.28033008588991115,
            0.73919891974011642,
            -0.6123724356957948,
            0.73919891974011642,
            0.57322330470336347,
            0.35355339059327368,
            0.6123724356957948,
            -0.35355339059327368,
            -0.70710678118654768
         ],
         "translation" : [ 0.24494897427831788, -0.14142135623730948, 0.28284271247461901 ]
      },
      {
         "id" : 14,
         "rotation" : [ 1, 0, 0, 0, -1, 0, 0, 0, -1 ],
         "translation" : [ 0, 0, 0.40000000000000002 ]
      },
      {
         "id" : 15,
         "rotation" : [
            -0.28033008588991071,
            0.73919891974011631,
            0.61237243569579447,
            0.73919891974011631,
            0.57322330470336347,
            -0.35355339059327356,
            -0.61237243569579447,
            0.35355339059327356,
            -0.70710678118654724
         ],
         "translation" : [ -0.24494897427831783, 0.14142135623730945, 0.28284271247461906 ]
      },
      {
         "id" : 16,
         "rotation" : [
            0.25000000000000011,
            0.43301270189221902,
            0.8660254037844386,
            0.43301270189221902,
            0.75000000000000022,
            -0.49999999999999978,
            -0.8660254037844386,
            0.49999999999999978,
            0
         ],
         "translation" : [ -0.34641016151377552, 0.19999999999999993, 0 ]
      },
      {
         "id" : 16,
         "rotation" : [
            0.88302222155948895,
            0.32139380484326963,
            -0.34202014332566882,
            0.32139380484326963,
            0.11697777844051138,
            0.93969262078590821,
            0.34202014332566882,
            -0.93969262078590821,
            0
         ],
         "translation" : [ 0.13680805733026755, -0.37587704831436336, 0 ]
      },
      {
         "id" : 17,
         "rotation" : [
            0.80030644117606597,
            0.54865354367929176,
            -0.24184476264797544,
            0.54865354367929176,
            -0.50741322236261355,
            0.66446302438867477,
            0.24184476264797544,
            -0.66446302438867477,
            -0.70710678118654746
         ],
         "translation" : [ 0.096737905059190166, -0.26578520975546993, 0.28284271247461901 ]
      },
      {
         "id" : 18,
         "rotation" : [ 1, 0, 0, 0, -1, 0, 0, 0, -1 ],
         "translation" : [ 0, 0, 0.40000000000000002 ]
      },
      {
         "id" : 19,
         "rotation" : [
            0.80030644117606609,
            0.54865354367929164,
            0.24184476264797533,
            0.54865354367929164,
            -0.50741322236261355,
            -0.66446302438867455,
            -0.24184476264797533,
            0.66446302438867455,
            -0.70710678118654746
         ],
         "translation" : [ -0.096737905059190152, 0.26578520975546988, 0.28284271247461906 ]
      },
      {
         "id" : 20,
         "rotation" : [
            0.88302222155948895,
            0.32139380484326963,
            0.34202014332566882,
            0.32139380484326963,
            0.11697777844051138,
            -0.93969262078590821,
            -0.34202014332566882,
            0.93969262078590821,
            0
         ],
         "translation" : [ -0.13680805733026755, 0.37587704831436336, 0 ]
      },
      {
         "id" : 20,
         "rotation" : [
            0.88302222155948906,
            -0.32139380484326963,
            0.34202014332566866,
            -0.32139380484326963,
            0.11697777844051083,
            0.93969262078590854,
            -0.34202014332566866,
            -0.93969262078590854,
            0
         ],
         "translation" : [ -0.13680805733026746, -0.37587704831436342, 0 ]
      },
      {
         "id" : 21,
         "rotation" : [
            0.80030644117606631,
            -0.54865354367929131,
            0.24184476264797522,
            -0.54865354367929131,
            -0.50741322236261355,
            0.66446302438867477,
            -0.24184476264797522,
            -0.66446302438867477,
            -0.70710678118654724
         ],
         "translation" : [ -0.096737905059190096, -0.26578520975546993, 0.28284271247461901 ]
      },
      {
         "id" : 22,
         "rotation" : [ 1, 0, 0, 0, -1, 0, 0, 0, -1 ],
         "translation" : [ 0, 0, 0.40000000000000002 ]
      },
      {
         "id" : 23,
         "rotation" : [
            0.80030644117606631,
            -0.54865354367929131,
            -0.24184476264797516,
            -0.54865354367929131,
            -0.50741322236261355,
            -0.66446302438867455,
            0.24184476264797516,
            0.66446302438867455,
            -0.70710678118654724
         ],
         "translation" : [ 0.096737905059190082, 0.26578520975546988, 0.28284271247461906 ]
      },
      {
         "id" : 24,
         "rotation" : [
            0.88302222155948906,
            -0.32139380484326963,
            -0.34202014332566866,
            -0.32139380484326963,
            0.11697777844051083,
            -0.93969262078590854,
            0.34202014332566866,
            0.93969262078590854,
            0
         ],
         "translation" : [ 0.13680805733026746, 0.37587704831436342, 0 ]
      },
      {
         "id" : 24,
         "rotation" : [
            0.25000000000000067,
            -0.43301270189221952,
            0.86602540378443826,
            -0.43301270189221952,
            0.74999999999999956,
            0.50000000000000044,
            -0.86602540378443826,
            -0.50000000000000044,
            0
         ],
         "translation" : [ -0.34641016151377535, -0.20000000000000018, 0 ]
      },
      {
         "id" : 25,
         "rotation" : [
            -0.28033008588990982,
            -0.73919891974011709,
            0.61237243569579436,
            -0.73919891974011709,
            0.57322330470336214,
            0.35355339059327417,
            -0.61237243569579436,
            -0.35355339059327417,
            -0.70710678118654768
         ],
         "translation" : [ -0.24494897427831777, -0.14142135623730967, 0.28284271247461901 ]
      },
      {
         "id" : 26,
         "rotation" : [ 1, 0, 0, 0, -1, 0, 0, 0, -1 ],
         "translation" : [ 0, 0, 0.40000000000000002 ]
      },
      {
         "id" : 27,
         "rotation" : [
            -0.28033008588991004,
            -0.73919891974011709,
            -0.61237243569579436,
            -0.73919891974011709,
            0.57322330470336236,
            -0.35355339059327406,
            0.61237243569579436,
            0.35355339059327406,
            -0.70710678118654768
         ],
         "translation" : [ 0.24494897427831774, 0.14142135623730964, 0.28284271247461906 ]
      },
      {
         "id" : 28,
         "rotation" : [
            0.25000000000000067,
            -0.43301270189221952,
            -0.86602540378443826,
            -0.43301270189221952,
            0.74999999999999956,
            -0.50000000000000044,
            0.86602540378443826,
            0.50000000000000044,
            0
         ],
         "translation" : [ 0.34641016151377535, 0.20000000000000018, 0 ]
      },
      {
         "id" : 28,
         "rotation" : [
            0.030153689607045675,
            0.171010071662834,
            0.98480775301220813,
            0.171010071662834,
            0.96984631039295432,
            -0.17364817766692997,
            -0.98480775301220813,
            0.17364817766692997,
            0
         ],
         "translation" : [ -0.39392310120488327, 0.069459271066771994, 0 ]
      },
      {
         "id" : 29,
         "rotation" : [
            -0.65563121318056572,
            0.29193245298682136,
            0.6963642403200192,
            0.29193245298682136,
            0.94852443199401804,
            -0.12278780396897258,
            -0.6963642403200192,
            0.12278780396897258,
            -0.70710678118654768
         ],
         "translation" : [ -0.27854569612800767, 0.049115121587589038, 0.28284271247461901 ]
      },
      {
         "id" : 30,
         "rotation" : [ 1, 0, 0, 0, -1, 0, 0, 0, -1 ],
         "translation" : [ 0, 0, 0.40000000000000002 ]
      },
      {
         "id" : 31,
         "rotation" : [
            -0.65563121318056572,
            0.29193245298682141,
            -0.69636424032001898,
            0.29193245298682141,
            0.94852443199401804,
            0.12278780396897257,
            0.69636424032001898,
            -0.12278780396897257,
            -0.70710678118654768
         ],
         "translation" : [ 0.27854569612800761, -0.049115121587589031, 0.28284271247461906 ]
      },
      {
         "id" : 32,
         "rotation" : [
            0.030153689607045675,
            0.171010071662834,
            -0.98480775301220813,
            0.171010071662834,
            0.96984631039295432,
            0.17364817766692997,
            0.98480775301220813,
            -0.17364817766692997,
            0
         ],
         "translation" : [ 0.39392310120488327, -0.069459271066771994, 0 ]
      },
      {
         "id" : 32,
         "rotation" : [
            0.58682408883346493,
            0.49240387650610395,
            0.64278760968653958,
            0.49240387650610395,
            0.41317591116653529,
            -0.76604444311897779,
            -0.64278760968653958,
            0.76604444311897779,
            0
         ],
         "translation" : [ -0.25711504387461587, 0.30641777724759112, 0 ]
      },
      {
         "id" : 33,
         "rotation" : [
            0.29466460022467733,
            0.84058599666611344,
            0.45451947767204393,
            0.84058599666611344,
            -0.0017713814112245707,
            -0.54167522041970173,
            -0.45451947767204393,
            0.54167522041970173,
            -0.70710678118654724
         ],
         "translation" : [ -0.18180779106881759, 0.21667008816788072, 0.28284271247461901 ]
      },
      {
         "id" : 34,
         "rotation" : [ 1, 0, 0, 0, -1, 0, 0, 0, -1 ],
         "translation" : [ 0, 0, 0.40000000000000002 ]
      },
      {
         "id" : 35,
         "rotation" : [
            0.29466460022467733,
            0.84058599666611344,
            -0.45451947767204381,
            0.84058599666611344,
            -0.0017713814112245707,
            0.54167522041970162,
            0.45451947767204381,
            -0.54167522041970162,
            -0.70710678118654724
         ],
         "translation" : [ 0.18180779106881753, -0.21667008816788066, 0.28284271247461906 ]
      },
      {
         "id" : 36,
         "rotation" : [
            0.58682408883346493,
            0.49240387650610395,
            -0.64278760968653958,
            0.49240387650610395,
            0.41317591116653529,
            0.76604444311897779,
            0.64278760968653958,
            -0.76604444311897779,
            0
         ],
         "translation" : [ 0.25711504387461587, -0.30641777724759112, 0 ]
      },
      {
         "id" : 36,
         "rotation" : [ 1, 0, 0, 0, 0, -1, 0, 1, 0 ],
         "translation" : [ 0, 0.40000000000000002, 0 ]
      },
      {
         "id" : 37,
         "rotation" : [
            1,
            0,
            0,
            0,
            -0.70710678118654746,
            -0.70710678118654768,
            0,
            0.70710678118654768,
            -0.70710678118654746
         ],
         "translation" : [ 0, 0.28284271247461906, 0.28284271247461901 ]
      },
      {
         "id" : 38,
         "rotation" : [ 1, 0, 0, 0, -1, 0, 0, 0, -1 ],
         "translation" : [ 0, 0, 0.40000000000000002 ]
      },
      {
         "id" : 39,
         "rotation" : [
            1,
            0,
            0,
            0,
            -0.70710678118654746,
            0.70710678118654746,
            0,
            -0.70710678118654746,
            -0.70710678118654746
         ],
         "translation" : [ 0, -0.28284271247461901, 0.28284271247461906 ]
      },
      {
         "id" : 40,
         "rotation" : [ 1, 0, 0, 0, 0, 1, 0, -1, 0 ],
         "translation" : [ 0, -0.40000000000000002, 0 ]
      }
   ]
}
