{
   "camera_matrix" : {
      "c_x" : 400,
      "c_y" : 300,
      "focal_x" : 700,
      "focal_y" : 700
   },
   "views" : [
      {
         "id" : 0,
         "rotation" : [ 1, 0, 0, 0, 0, -1, 0, 1, 0 ],
         "translation" : [ 0, 0.40000000000000002, 0 ]
      },
      {
         "id" : 1,
         "rotation" : [
            1,
            0,
            0,
            0,
            -0.50000000000000022,
            -0.86602540378443871,
            0,
            0.86602540378443871,
            -0.50000000000000022
         ],
         "translation" : [ 0, 0.34641016151377552, 0.19999999999999998 ]
      },
      {
         "id" : 2,
         "rotation" : [
            1,
            0,
            0,
            0,
            -0.86602540378443926,
            -0.50000000000000011,
            0,
            0.50000000000000011,
            -0.86602540378443926
         ],
         "translation" : [ 0, 0.20000000000000007, 0.34641016151377546 ]
      },
      {
         "id" : 3,
         "rotation" : [ 1, 0, 0, 0, -1, 0, 0, 0, -1 ],
         "translation" : [ 0, 0, 0.40000000000000002 ]
      },
      {
         "id" : 4,
         "rotation" : [
            1,
            0,
            0,
            0,
            -0.86602540378443793,
            0.49999999999999972,
            0,
            -0.49999999999999972,
            -0.86602540378443793
         ],
         "translation" : [ 0, -0.19999999999999993, 0.34641016151377552 ]
      },
      {
         "id" : 5,
         "rotation" : [
            1,
            0,
            0,
            0,
            -0.50000000000000067,
            0.86602540378443849,
            0,
            -0.86602540378443849,
            -0.50000000000000067
         ],
         "translation" : [ 0, -0.34641016151377541, 0.20000000000000015 ]
      },
      {
         "id" : 6,
         "rotation" : [ 1, 0, 0, 0, 0, 1, 0, -1, 0 ],
         "translation" : [ 0, -0.40000000000000002, 0 ]
      },
      {
         "id" : 6,
         "rotation" : [
            0.58682408883346526,
            -0.4924038765061039,
            -0.64278760968653925,
            -0.4924038765061039,
            0.41317591116653485,
            -0.76604444311897812,
            0.64278760968653925,
            0.76604444311897812,
            0
         ],
         "translation" : [ 0.2571150438746157, 0.30641777724759123, 0 ]
      },
      {
         "id" : 7,
         "rotation" : [
            0.38023613325019778,
            -0.73860581475915599,
            -0.55667039922641937,
            -0.73860581475915599,
            0.11976386674980222,
            -0.66341394816893839,
            0.55667039922641937,
            0.66341394816893839,
            -0.5
         ],
         "translation" : [ 0.22266815969056775, 0.26536557926757537, 0.19999999999999998 ]
      },
      {
         "id" : 8,
         "rotation" : [
            0.22900325353146322,
            -0.91883814248232576,
            -0.32139380484326974,
            -0.91883814248232576,
            -0.095028657315902265,
            -0.38302222155948906,
            0.32139380484326974,
            0.38302222155948906,
            -0.86602540378443904
         ],
         "translation" : [ 0.12855752193730791, 0.15320888862379564, 0.34641016151377546 ]
      },
      {
         "id" : 9,
         "rotation" : [ 1, 0, 0, 0, -1, 0, 0, 0, -1 ],
         "translation" : [ 0, 0, 0.40000000000000002 ]
      },
      {
         "id" : 10,
         "rotation" : [
            0.22900325353146411,
            -0.9188381424823252,
            0.32139380484326946,
            -0.9188381424823252,
            -0.095028657315901821,
            0.38302222155948884,
            -0.32139380484326946,
            -0.38302222155948884,
            -0.86602540378443771
         ],
         "translation" : [ -0.12855752193730779, -0.15320888862379556, 0.34641016151377552 ]
      },
      {
         "id" : 11,
         "rotation" : [
            0.38023613325019778,
            -0.73860581475915632,
            0.55667039922641914,
            -0.73860581475915632,
            0.11976386674980166,
            0.66341394816893839,
            -0.55667039922641914,
            -0.66341394816893839,
            -0.50000000000000044
         ],
         "translation" : [ -0.22266815969056769, -0.26536557926757531, 0.20000000000000015 ]
      },
      {
         "id" : 12,
         "rotation" : [
            0.58682408883346526,
            -0.4924038765061039,
            0.64278760968653925,
            -0.4924038765061039,
            0.41317591116653485,
            0.76604444311897812,
            -0.64278760968653925,
            -0.76604444311897812,
            0
         ],
         "translation" : [ -0.2571150438746157, -0.30641777724759123, 0 ]
      },
      {
         "id" : 12,
         "rotation" : [
            0.030153689607046008,
            -0.17101007166283441,
            -0.98480775301220802,
            -0.17101007166283441,
            0.96984631039295421,
            -0.17364817766693041,
            0.98480775301220802,
            0.17364817766693041,
            0
         ],
         "translation" : [ 0.39392310120488322, 0.069459271066772174, 0 ]
      },
      {
         "id" : 13,
         "rotation" : [
            -0.45476946558943143,
            -0.25651510749425172,
            -0.85286853195244328,
            -0.25651510749425172,
            0.95476946558943121,
            -0.15038373318043538,
            0.85286853195244328,
            0.15038373318043538,
            -0.50000000000000022
         ],
         "translation" : [ 0.34114741278097732, 0.060153493272174154, 0.19999999999999998 ]
      },
      {
         "id" : 14,
         "rotation" : [
            -0.80975785295986058,
            -0.31910913802584651,
            -0.49240387650610412,
            -0.31910913802584651,
            0.94373244917542165,
            -0.086824088833465235,
            0.49240387650610412,
            0.086824088833465235,
            -0.86602540378443904
         ],
         "translation" : [ 0.19696155060244167, 0.034729635533386094, 0.34641016151377546 ]
      },
      {
         "id" : 15,
         "rotation" : [ 1, 0, 0, 0, -1, 0, 0, 0, -1 ],
         "translation" : [ 0, 0, 0.40000000000000002 ]
      },
      {
         "id" : 16,
         "rotation" : [
            -0.80975785295985969,
            -0.31910913802584634,
            0.49240387650610379,
            -0.31910913802584634,
            0.94373244917542165,
            0.086824088833465179,
            -0.49240387650610379,
            -0.086824088833465179,
            -0.86602540378443793
         ],
         "translation" : [ -0.19696155060244153, -0.034729635533386073, 0.34641016151377552 ]
      },
      {
         "id" : 17,
         "rotation" : [
            -0.45476946558943143,
            -0.25651510749425172,
            0.85286853195244294,
            -0.25651510749425172,
            0.95476946558943121,
            0.15038373318043533,
            -0.85286853195244294,
            -0.15038373318043533,
            -0.50000000000000022
         ],
         "translation" : [ -0.34114741278097721, -0.060153493272174133, 0.20000000000000015 ]
      },
      {
         "id" : 18,
         "rotation" : [
            0.030153689607046008,
            -0.17101007166283441,
            0.98480775301220802,
            -0.17101007166283441,
            0.96984631039295421,
            0.17364817766693041,
            -0.98480775301220802,
            -0.17364817766693041,
            0
         ],
         "translation" : [ -0.39392310120488322, -0.069459271066772174, 0 ]
      },
      {
         "id" : 18,
         "rotation" : [
            0.25000000000000011,
            0.43301270189221902,
            -0.8660254037844386,
            0.43301270189221902,
            0.75000000000000022,
            0.49999999999999978,
            0.8660254037844386,
            -0.49999999999999978,
            0
         ],
         "translation" : [ 0.34641016151377552, -0.19999999999999993, 0 ]
      },
      {
         "id" : 19,
         "rotation" : [
            -0.12500000000000044,
            0.64951905283832889,
            -0.75000000000000011,
            0.64951905283832889,
            0.62500000000000022,
            0.43301270189221919,
            0.75000000000000011,
            -0.43301270189221919,
            -0.50000000000000022
         ],
         "translation" : [ 0.30000000000000004, -0.17320508075688767, 0.19999999999999998 ]
      },
      {
         "id" : 20,
         "rotation" : [
            -0.39951905283832945,
            0.8080127018922193,
            -0.43301270189221946,
            0.8080127018922193,
            0.53349364905389052,
            0.24999999999999997,
            0.43301270189221946,
            -0.24999999999999997,
            -0.86602540378443882
         ],
         "translation" : [ 0.17320508075688779, -0.099999999999999992, 0.34641016151377546 ]
      },
      {
         "id" : 21,
         "rotation" : [ 1, 0, 0, 0, -1, 0, 0, 0, -1 ],
         "translation" : [ 0, 0, 0.40000000000000002 ]
      },
      {
         "id" : 22,
         "rotation" : [
            -0.39951905283832878,
            0.80801270189221885,
            0.43301270189221913,
            0.80801270189221885,
            0.53349364905389085,
            -0.24999999999999978,
            -0.43301270189221913,
            0.24999999999999978,
            -0.86602540378443793
         ],
         "translation" : [ -0.17320508075688767, 0.099999999999999922, 0.34641016151377552 ]
      },
      {
         "id" : 23,
         "rotation" : [
            -0.12500000000000067,
            0.649519052838329,
            0.75,
            0.649519052838329,
            0.62500000000000022,
            -0.43301270189221902,
            -0.75,
            0.43301270189221902,
            -0.50000000000000044
         ],
         "translation" : [ -0.29999999999999999, 0.17320508075688762, 0.20000000000000015 ]
      },
      {
         "id" : 24,
         "rotation" : [
            0.25000000000000011,
            0.43301270189221902,
            0.8660254037844386,
            0.43301270189221902,
            0.75000000000000022,
            -0.49999999999999978,
            -0.8660254037844386,
            0.49999999999999978,
            0
         ],
         "translation" : [ -0.34641016151377552, 0.19999999999999993, 0 ]
      },
      {
         "id" : 24,
         "rotation" : [
            0.88302222155948895,
            0.32139380484326963,
            -0.34202014332566882,
            0.32139380484326963,
            0.11697777844051138,
            0.93969262078590821,
            0.34202014332566882,
            -0.93969262078590821,
            0
         ],
         "translation" : [ 0.13680805733026755, -0.37587704831436336, 0 ]
      },
      {
         "id" : 25,
         "rotation" : [
            0.82453333233923343,
            0.48209070726490472,
            -0.29619813272602397,
            0.48209070726490472,
            -0.32453333233923343,
            0.81379768134937369,
            0.29619813272602397,
            -0.81379768134937369,
            -0.5
         ],
         "translation" : [ 0.1184792530904096, -0.32551907253974949, 0.19999999999999998 ]
      },
      {
         "id" : 26,
         "rotation" : [
            0.78171649375173857,
            0.59972900445647992,
            -0.17101007166283452,
            0.59972900445647992,
            -0.64774189753617817,
            0.46984631039295432,
            0.17101007166283452,
            -0.46984631039295432,
            -0.86602540378443971
         ],
         "translation" : [ 0.068404028665133801, -0.18793852415718174, 0.34641016151377546 ]
      },
      {
         "id" : 27,
         "rotation" : [ 1, 0, 0, 0, -1, 0, 0, 0, -1 ],
         "translation" : [ 0, 0, 0.40000000000000002 ]
      },
      {
         "id" : 28,
         "rotation" : [
            0.78171649375173879,
            0.59972900445647936,
            0.17101007166283436,
            0.59972900445647936,
            -0.64774189753617706,
            -0.46984631039295399,
            -0.17101007166283436,
            0.46984631039295399,
            -0.86602540378443837
         ],
         "translation" : [ -0.068404028665133745, 0.1879385241571816, 0.34641016151377552 ]
      },
      {
         "id" : 29,
         "rotation" : [
            0.82453333233923332,
            0.48209070726490477,
            0.29619813272602391,
            0.48209070726490477,
            -0.32453333233923343,
            -0.81379768134937347,
            -0.29619813272602391,
            0.81379768134937347,
            -0.5
         ],
         "translation" : [ -0.11847925309040958, 0.32551907253974938, 0.20000000000000015 ]
      },
      {
         "id" : 30,
         "rotation" : [
            0.88302222155948895,
            0.32139380484326963,
            0.34202014332566882,
            0.32139380484326963,
            0.11697777844051138,
            -0.93969262078590821,
            -0.34202014332566882,
            0.93969262078590821,
            0
         ],
         "translation" : [ -0.13680805733026755, 0.37587704831436336, 0 ]
      },
      {
         "id" : 30,
         "rotation" : [
            0.88302222155948906,
            -0.32139380484326963,
            0.34202014332566866,
            -0.32139380484326963,
            0.11697777844051083,
            0.93969262078590854,
            -0.34202014332566866,
            -0.93969262078590854,
            0
         ],
         "translation" : [ -0.13680805733026746, -0.37587704831436342, 0 ]
      },
      {
         "id" : 31,
         "rotation" : [
            0.82453333233923354,
            -0.48209070726490449,
            0.2961981327260238,
            -0.48209070726490449,
            -0.32453333233923387,
            0.8137976813493738,
            -0.2961981327260238,
            -0.8137976813493738,
            -0.50000000000000022
         ],
         "translation" : [ -0.11847925309040953, -0.32551907253974954, 0.19999999999999998 ]
      },
      {
         "id" : 32,
         "rotation" : [
            0.78171649375173891,
            -0.59972900445647948,
            0.17101007166283438,
            -0.59972900445647948,
            -0.64774189753617817,
            0.46984631039295432,
            -0.17101007166283438,
            -0.46984631039295432,
            -0.86602540378443926
         ],
         "translation" : [ -0.068404028665133759, -0.18793852415718174, 0.34641016151377546 ]
      },
      {
         "id" : 33,
         "rotation" : [ 1, 0, 0, 0, -1, 0, 0, 0, -1 ],
         "translation" : [ 0, 0, 0.40000000000000002 ]
      },
      {
         "id" : 34,
         "rotation" : [
            0.78171649375173913,
            -0.59972900445647903,
            -0.17101007166283425,
            -0.59972900445647903,
            -0.64774189753617728,
            -0.46984631039295405,
            0.17101007166283425,
            0.46984631039295405,
            -0.86602540378443815
         ],
         "translation" : [ 0.068404028665133704, 0.18793852415718162, 0.34641016151377552 ]
      },
      {
         "id" : 35,
         "rotation" : [
            0.82453333233923354,
            -0.48209070726490455,
            -0.29619813272602369,
            -0.48209070726490455,
            -0.32453333233923432,
            -0.81379768134937369,
            0.29619813272602369,
            0.81379768134937369,
            -0.50000000000000067
         ],
         "translation" : [ 0.11847925309040949, 0.32551907253974943, 0.20000000000000015 ]
      },
      {
         "id" : 36,
         "rotation" : [
            0.88302222155948906,
            -0.32139380484326963,
            -0.34202014332566866,
            -0.32139380484326963,
            0.11697777844051083,
            -0.93969262078590854,
            0.34202014332566866,
            0.93969262078590854,
            0
         ],
         "translation" : [ 0.13680805733026746, 0.37587704831436342, 0 ]
      },
      {
         "id" : 36,
         "rotation" : [
            0.25000000000000067,
            -0.43301270189221952,
            0.86602540378443826,
            -0.43301270189221952,
            0.74999999999999956,
            0.50000000000000044,
            -0.86602540378443826,
            -0.50000000000000044,
            0
         ],
         "translation" : [ -0.34641016151377535, -0.20000000000000018, 0 ]
      },
      {
         "id" : 37,
         "rotation" : [
            -0.12499999999999933,
            -0.64951905283832956,
            0.74999999999999978,
            -0.64951905283832956,
            0.62499999999999911,
            0.4330127018922198,
            -0.74999999999999978,
            -0.4330127018922198,
            -0.50000000000000022
         ],
         "translation" : [ -0.29999999999999993, -0.17320508075688792, 0.19999999999999998 ]
      },
      {
         "id" : 38,
         "rotation" : [
            -0.39951905283832878,
            -0.80801270189222008,
            0.43301270189221935,
            -0.80801270189222008,
            0.5334936490538893,
            0.25000000000000028,
            -0.43301270189221935,
            -0.25000000000000028,
            -0.86602540378443948
         ],
         "translation" : [ -0.17320508075688773, -0.10000000000000012, 0.34641016151377546 ]
      },
      {
         "id" : 39,
         "rotation" : [ 1, 0, 0, 0, -1, 0, 0, 0, -1 ],
         "translation" : [ 0, 0, 0.40000000000000002 ]
      },
      {
         "id" : 40,
         "rotation" : [
            -0.39951905283832767,
            -0.80801270189221952,
            -0.43301270189221897,
            -0.80801270189221952,
            0.53349364905388974,
            -0.25000000000000011,
            0.43301270189221897,
            0.25000000000000011,
            -0.86602540378443793
         ],
         "translation" : [ 0.17320508075688762, 0.10000000000000005, 0.34641016151377552 ]
      },
      {
         "id" : 41,
         "rotation" : [
            -0.125,
            -0.64951905283832967,
            -0.74999999999999978,
            -0.64951905283832967,
            0.62499999999999911,
            -0.43301270189221963,
            0.74999999999999978,
            0.43301270189221963,
            -0.50000000000000089
         ],
         "translation" : [ 0.29999999999999988, 0.17320508075688787, 0.20000000000000015 ]
      },
      {
         "id" : 42,
         "rotation" : [
            0.25000000000000067,
            -0.43301270189221952,
            -0.86602540378443826,
            -0.43301270189221952,
            0.74999999999999956,
            -0.50000000000000044,
            0.86602540378443826,
            0.50000000000000044,
            0
         ],
         "translation" : [ 0.34641016151377535, 0.20000000000000018, 0 ]
      },
      {
         "id" : 42,
         "rotation" : [
            0.030153689607045675,
            0.171010071662834,
            0.98480775301220813,
            0.171010071662834,
            0.96984631039295432,
            -0.17364817766692997,
            -0.98480775301220813,
            0.17364817766692997,
            0
         ],
         "translation" : [ -0.39392310120488327, 0.069459271066771994, 0 ]
      },
      {
         "id" : 43,
         "rotation" : [
            -0.45476946558943188,
            0.2565151074942511,
            0.85286853195244339,
            0.2565151074942511,
            0.95476946558943143,
            -0.15038373318043499,
            -0.85286853195244339,
            0.15038373318043499,
            -0.50000000000000044
         ],
         "translation" : [ -0.34114741278097738, 0.060153493272174001, 0.19999999999999998 ]
      },
      {
         "id" : 44,
         "rotation" : [
            -0.80975785295986147,
            0.31910913802584573,
            0.49240387650610423,
            0.31910913802584573,
            0.94373244917542198,
            -0.086824088833465013,
            -0.49240387650610423,
            0.086824088833465013,
            -0.86602540378443948
         ],
         "translation" : [ -0.19696155060244169, 0.034729635533386004, 0.34641016151377546 ]
      },
      {
         "id" : 45,
         "rotation" : [ 1, 0, 0, 0, -1, 0, 0, 0, -1 ],
         "translation" : [ 0, 0, 0.40000000000000002 ]
      },
      {
         "id" : 46,
         "rotation" : [
            -0.80975785295986014,
            0.31910913802584556,
            -0.49240387650610384,
            0.31910913802584556,
            0.94373244917542198,
            0.086824088833464957,
            0.49240387650610384,
            -0.086824088833464957,
            -0.86602540378443815
         ],
         "translation" : [ 0.19696155060244155, -0.034729635533385983, 0.34641016151377552 ]
      },
      {
         "id" : 47,
         "rotation" : [
            -0.45476946558943232,
            0.2565151074942511,
            -0.85286853195244317,
            0.2565151074942511,
            0.95476946558943143,
            0.15038373318043494,
            0.85286853195244317,
            -0.15038373318043494,
            -0.50000000000000089
         ],
         "translation" : [ 0.34114741278097727, -0.06015349327217398, 0.20000000000000015 ]
      },
      {
         "id" : 48,
         "rotation" : [
            0.030153689607045675,
            0.171010071662834,
            -0.98480775301220813,
            0.171010071662834,
            0.96984631039295432,
            0.17364817766692997,
            0.98480775301220813,
            -0.17364817766692997,
            0
         ],
         "translation" : [ 0.39392310120488327, -0.069459271066771994, 0 ]
      },
      {
         "id" : 48,
         "rotation" : [
            0.58682408883346493,
            0.49240387650610395,
            0.64278760968653958,
            0.49240387650610395,
            0.41317591116653529,
            -0.76604444311897779,
            -0.64278760968653958,
            0.76604444311897779,
            0
         ],
         "translation" : [ -0.25711504387461587, 0.30641777724759112, 0 ]
      },
      {
         "id" : 49,
         "rotation" : [
            0.38023613325019701,
            0.73860581475915632,
            0.5566703992264197,
            0.73860581475915632,
            0.11976386674980255,
            -0.66341394816893828,
            -0.5566703992264197,
            0.66341394816893828,
            -0.50000000000000044
         ],
         "translation" : [ -0.22266815969056789, 0.26536557926757531, 0.19999999999999998 ]
      },
      {
         "id" : 50,
         "rotation" : [
            0.22900325353146245,
            0.91883814248232609,
            0.3213938048432699,
            0.91883814248232609,
            -0.095028657315901821,
            -0.38302222155948901,
            -0.3213938048432699,
            0.38302222155948901,
            -0.86602540378443926
         ],
         "translation" : [ -0.12855752193730796, 0.15320888862379561, 0.34641016151377546 ]
      },
      {
         "id" : 51,
         "rotation" : [ 1, 0, 0, 0, -1, 0, 0, 0, -1 ],
         "translation" : [ 0, 0, 0.40000000000000002 ]
      },
      {
         "id" : 52,
         "rotation" : [
            0.229003253531463,
            0.91883814248232554,
            -0.32139380484326968,
            0.91883814248232554,
            -0.095028657315901155,
            0.38302222155948873,
            0.32139380484326968,
            -0.38302222155948873,
            -0.86602540378443815
         ],
         "translation" : [ 0.12855752193730788, -0.1532088886237955, 0.34641016151377552 ]
      },
      {
         "id" : 53,
         "rotation" : [
            0.38023613325019701,
            0.73860581475915643,
            -0.55667039922641948,
            0.73860581475915643,
            0.11976386674980222,
            0.66341394816893817,
            0.55667039922641948,
            -0.66341394816893817,
            -0.50000000000000089
         ],
         "translation" : [ 0.2226681596905678, -0.26536557926757526, 0.20000000000000015 ]
      },
      {
         "id" : 54,
         "rotation" : [
            0.58682408883346493,
            0.49240387650610395,
            -0.64278760968653958,
            0.49240387650610395,
            0.41317591116653529,
            0.76604444311897779,
            0.64278760968653958,
            -0.76604444311897779,
            0
         ],
         "translation" : [ 0.25711504387461587, -0.30641777724759112, 0 ]
      },
      {
         "id" : 54,
         "rotation" : [ 1, 0, 0, 0, 0, -1, 0, 1, 0 ],
         "translation" : [ 0, 0.40000000000000002, 0 ]
      },
      {
         "id" : 55,
         "rotation" : [
            1,
            0,
            0,
            0,
            -0.50000000000000022,
            -0.86602540378443871,
            0,
            0.86602540378443871,
            -0.50000000000000022
         ],
         "translation" : [ 0, 0.34641016151377552, 0.19999999999999998 ]
      },
      {
         "id" : 56,
         "rotation" : [
            1,
            0,
            0,
            0,
            -0.86602540378443926,
            -0.50000000000000011,
            0,
            0.50000000000000011,
            -0.86602540378443926
         ],
         "translation" : [ 0, 0.20000000000000007, 0.34641016151377546 ]
      },
      {
         "id" : 57,
         "rotation" : [ 1, 0, 0, 0, -1, 0, 0, 0, -1 ],
         "translation" : [ 0, 0, 0.40000000000000002 ]
      },
      {
         "id" : 58,
         "rotation" : [
            1,
            0,
            0,
            0,
            -0.86602540378443793,
            0.49999999999999972,
            0,
            -0.49999999999999972,
            -0.86602540378443793
         ],
         "translation" : [ 0, -0.19999999999999993, 0.34641016151377552 ]
      },
      {
         "id" : 59,
         "rotation" : [
            1,
            0,
            0,
            0,
            -0.50000000000000067,
            0.86602540378443849,
            0,
            -0.86602540378443849,
            -0.50000000000000067
         ],
         "translation" : [ 0, -0.34641016151377541, 0.20000000000000015 ]
      },
      {
         "id" : 60,
         "rotation" : [ 1, 0, 0, 0, 0, 1, 0, -1, 0 ],
         "translation" : [ 0, -0.40000000000000002, 0 ]
      }
   ]
}
