{
   "camera_matrix" : {
      "c_x" : 600,
      "c_y" : 400,
      "focal_x" : 1300,
      "focal_y" : 1300
   },
   "views" : [
      {
         "id" : 0,
         "rotation" : [ 1, 0, 0, 0, 0, -1, 0, 1, 0 ],
         "translation" : [ 0, 0.40000000000000002, 0 ]
      },
      {
         "id" : 1,
         "rotation" : [
            1,
            0,
            0,
            0,
            -0.58778525229247358,
            -0.80901699437494756,
            0,
            0.80901699437494756,
            -0.58778525229247358
         ],
         "translation" : [ 0, 0.32360679774997902, 0.23511410091698925 ]
      },
      {
         "id" : 2,
         "rotation" : [
            1,
            0,
            0,
            0,
            -0.95105651629515253,
            -0.30901699437494745,
            0,
            0.30901699437494745,
            -0.95105651629515253
         ],
         "translation" : [ 0, 0.12360679774997899, 0.38042260651806142 ]
      },
      {
         "id" : 3,
         "rotation" : [
            1,
            0,
            0,
            0,
            -0.95105651629515542,
            0.30901699437494734,
            0,
            -0.30901699437494734,
            -0.95105651629515542
         ],
         "translation" : [ 0, -0.12360679774997894, 0.38042260651806148 ]
      },
      {
         "id" : 4,
         "rotation" : [
            1,
            0,
            0,
            0,
            -0.58778525229247336,
            0.80901699437494734,
            0,
            -0.80901699437494734,
            -0.58778525229247336
         ],
         "translation" : [ 0, -0.32360679774997897, 0.23511410091698931 ]
      },
      {
         "id" : 5,
         "rotation" : [ 1, 0, 0, 0, 0, 1, 0, -1, 0 ],
         "translation" : [ 0, -0.40000000000000002, 0 ]
      },
      {
         "id" : 5,
         "rotation" : [
            0.58682408883346526,
            -0.4924038765061039,
            -0.64278760968653925,
            -0.4924038765061039,
            0.41317591116653485,
            -0.76604444311897812,
            0.64278760968653925,
            0.76604444311897812,
            0
         ],
         "translation" : [ 0.2571150438746157, 0.30641777724759123, 0 ]
      },
      {
         "id" : 6,
         "rotation" : [
            0.34396538164727097,
            -0.78183161328803619,
            -0.52002610001006089,
            -0.78183161328803619,
            0.068249366060255889,
            -0.61974297292974601,
            0.52002610001006089,
            0.61974297292974601,
            -0.58778525229247314
         ],
         "translation" : [ 0.20801044000402436, 0.24789718917189843, 0.23511410091698925 ]
      },
      {
         "id" : 7,
         "rotation" : [
            0.19387044614234539,
            -0.96070779190622768,
            -0.19863229516679121,
            -0.96070779190622768,
            -0.14492696243749759,
            -0.236720751370257,
            0.19863229516679121,
            0.236720751370257,
            -0.95105651629515231
         ],
         "translation" : [ 0.079452918066716491, 0.094688300548102802, 0.38042260651806142 ]
      },
      {
         "id" : 8,
         "rotation" : [
            0.19387044614234417,
            -0.96070779190622912,
            0.19863229516679115,
            -0.96070779190622912,
            -0.14492696243749936,
            0.23672075137025692,
            -0.19863229516679115,
            -0.23672075137025692,
            -0.9510565162951552
         ],
         "translation" : [ -0.079452918066716463, -0.094688300548102761, 0.38042260651806148 ]
      },
      {
         "id" : 9,
         "rotation" : [
            0.34396538164727097,
            -0.78183161328803619,
            0.52002610001006089,
            -0.78183161328803619,
            0.068249366060255889,
            0.61974297292974589,
            -0.52002610001006089,
            -0.61974297292974589,
            -0.58778525229247314
         ],
         "translation" : [ -0.20801044000402433, -0.24789718917189837, 0.23511410091698931 ]
      },
      {
         "id" : 10,
         "rotation" : [
            0.58682408883346526,
            -0.4924038765061039,
            0.64278760968653925,
            -0.4924038765061039,
            0.41317591116653485,
            0.76604444311897812,
            -0.64278760968653925,
            -0.76604444311897812,
            0
         ],
         "translation" : [ -0.2571150438746157, -0.30641777724759123, 0 ]
      },
      {
         "id" : 10,
         "rotation" : [
            0.030153689607046008,
            -0.17101007166283441,
            -0.98480775301220802,
            -0.17101007166283441,
            0.96984631039295421,
            -0.17364817766693041,
            0.98480775301220802,
            0.17364817766693041,
            0
         ],
         "translation" : [ 0.39392310120488322, 0.069459271066772174, 0 ]
      },
      {
         "id" : 11,
         "rotation" : [
            -0.53990766863220108,
            -0.27152726977972746,
            -0.79672620837908215,
            -0.27152726977972746,
            0.95212241633972783,
            -0.14048432677478692,
            0.79672620837908215,
            0.14048432677478692,
            -0.58778525229247336
         ],
         "translation" : [ 0.31869048335163291, 0.056193730709914777, 0.23511410091698925 ]
      },
      {
         "id" : 12,
         "rotation" : [
            -0.89222496369698368,
            -0.33365031466987405,
            -0.30432233187297808,
            -0.33365031466987405,
            0.94116844740183181,
            -0.053660237941321715,
            0.30432233187297808,
            0.053660237941321715,
            -0.95105651629515187
         ],
         "translation" : [ 0.12172893274919125, 0.021464095176528687, 0.38042260651806142 ]
      },
      {
         "id" : 13,
         "rotation" : [
            -0.89222496369698701,
            -0.3336503146698746,
            0.30432233187297802,
            -0.3336503146698746,
            0.9411684474018317,
            0.053660237941321701,
            -0.30432233187297802,
            -0.053660237941321701,
            -0.9510565162951552
         ],
         "translation" : [ -0.12172893274919122, -0.02146409517652868, 0.38042260651806148 ]
      },
      {
         "id" : 14,
         "rotation" : [
            -0.53990766863220152,
            -0.27152726977972752,
            0.79672620837908215,
            -0.27152726977972752,
            0.95212241633972783,
            0.14048432677478689,
            -0.79672620837908215,
            -0.14048432677478689,
            -0.5877852522924738
         ],
         "translation" : [ -0.31869048335163286, -0.056193730709914763, 0.23511410091698931 ]
      },
      {
         "id" : 15,
         "rotation" : [
            0.030153689607046008,
            -0.17101007166283441,
            0.98480775301220802,
            -0.17101007166283441,
            0.96984631039295421,
            0.17364817766693041,
            -0.98480775301220802,
            -0.17364817766693041,
            0
         ],
         "translation" : [ -0.39392310120488322, -0.069459271066772174, 0 ]
      },
      {
         "id" : 15,
         "rotation" : [
            0.25000000000000011,
            0.43301270189221902,
            -0.8660254037844386,
            0.43301270189221902,
            0.75000000000000022,
            0.49999999999999978,
            0.8660254037844386,
            -0.49999999999999978,
            0
         ],
         "translation" : [ 0.34641016151377552, -0.19999999999999993, 0 ]
      },
      {
         "id" : 16,
         "rotation" : [
            -0.19083893921935502,
            0.6875311821197827,
            -0.70062926922203683,
            0.6875311821197827,
            0.6030536869268821,
            0.40450849718747356,
            0.70062926922203683,
            -0.40450849718747356,
            -0.58778525229247292
         ],
         "translation" : [ 0.2802517076888148, -0.16180339887498943, 0.23511410091698925 ]
      },
      {
         "id" : 17,
         "rotation" : [
            -0.46329238722136434,
            0.84483225366538428,
            -0.26761656732981748,
            0.84483225366538428,
            0.51223587092621248,
            0.15450849718747364,
            0.26761656732981748,
            -0.15450849718747364,
            -0.95105651629515187
         ],
         "translation" : [ 0.107046626931927, -0.061803398874989465, 0.38042260651806142 ]
      },
      {
         "id" : 18,
         "rotation" : [
            -0.46329238722136701,
            0.84483225366538595,
            0.26761656732981742,
            0.84483225366538595,
            0.51223587092621148,
            -0.15450849718747361,
            -0.26761656732981742,
            0.15450849718747361,
            -0.95105651629515542
         ],
         "translation" : [ -0.10704662693192697, 0.061803398874989444, 0.38042260651806148 ]
      },
      {
         "id" : 19,
         "rotation" : [
            -0.19083893921935546,
            0.68753118211978281,
            0.70062926922203694,
            0.68753118211978281,
            0.60305368692688199,
            -0.40450849718747356,
            -0.70062926922203694,
            0.40450849718747356,
            -0.58778525229247336
         ],
         "translation" : [ -0.28025170768881474, 0.1618033988749894, 0.23511410091698931 ]
      },
      {
         "id" : 20,
         "rotation" : [
            0.25000000000000011,
            0.43301270189221902,
            0.8660254037844386,
            0.43301270189221902,
            0.75000000000000022,
            -0.49999999999999978,
            -0.8660254037844386,
            0.49999999999999978,
            0
         ],
         "translation" : [ -0.34641016151377552, 0.19999999999999993, 0 ]
      },
      {
         "id" : 20,
         "rotation" : [
            0.88302222155948895,
            0.32139380484326963,
            -0.34202014332566882,
            0.32139380484326963,
            0.11697777844051138,
            0.93969262078590821,
            0.34202014332566882,
            -0.93969262078590821,
            0
         ],
         "translation" : [ 0.13680805733026755, -0.37587704831436336, 0 ]
      },
      {
         "id" : 21,
         "rotation" : [
            0.81426440854622006,
            0.510304343508309,
            -0.27670010836902142,
            0.510304343508309,
            -0.4020496608386932,
            0.76022729970453296,
            0.27670010836902142,
            -0.76022729970453296,
            -0.58778525229247314
         ],
         "translation" : [ 0.11068004334760857, -0.30409091988181319, 0.23511410091698925 ]
      },
      {
         "id" : 22,
         "rotation" : [
            0.77176974311191027,
            0.62705747723635408,
            -0.10569003670618694,
            0.62705747723635408,
            -0.72282625940706291,
            0.29038098931157869,
            0.10569003670618694,
            -0.29038098931157869,
            -0.95105651629515275
         ],
         "translation" : [ 0.042276014682474779, -0.11615239572463147, 0.38042260651806142 ]
      },
      {
         "id" : 23,
         "rotation" : [
            0.77176974311190993,
            0.62705747723635497,
            0.1056900367061869,
            0.62705747723635497,
            -0.72282625940706557,
            -0.29038098931157857,
            -0.1056900367061869,
            0.29038098931157857,
            -0.95105651629515564
         ],
         "translation" : [ -0.042276014682474765, 0.11615239572463143, 0.38042260651806148 ]
      },
      {
         "id" : 24,
         "rotation" : [
            0.81426440854622006,
            0.51030434350830911,
            0.27670010836902137,
            0.51030434350830911,
            -0.40204966083869365,
            -0.76022729970453284,
            -0.27670010836902137,
            0.76022729970453284,
            -0.58778525229247358
         ],
         "translation" : [ -0.11068004334760854, 0.30409091988181314, 0.23511410091698931 ]
      },
      {
         "id" : 25,
         "rotation" : [
            0.88302222155948895,
            0.32139380484326963,
            0.34202014332566882,
            0.32139380484326963,
            0.11697777844051138,
            -0.93969262078590821,
            -0.34202014332566882,
            0.93969262078590821,
            0
         ],
         "translation" : [ -0.13680805733026755, 0.37587704831436336, 0 ]
      },
      {
         "id" : 25,
         "rotation" : [
            0.88302222155948906,
            -0.32139380484326963,
            0.34202014332566866,
            -0.32139380484326963,
            0.11697777844051083,
            0.93969262078590854,
            -0.34202014332566866,
            -0.93969262078590854,
            0
         ],
         "translation" : [ -0.13680805733026746, -0.37587704831436342, 0 ]
      },
      {
         "id" : 26,
         "rotation" : [
            0.8142644085462204,
            -0.51030434350830867,
            0.27670010836902115,
            -0.51030434350830867,
            -0.40204966083869365,
            0.76022729970453296,
            -0.27670010836902115,
            -0.76022729970453296,
            -0.58778525229247336
         ],
         "translation" : [ -0.11068004334760849, -0.30409091988181319, 0.23511410091698925 ]
      },
      {
         "id" : 27,
         "rotation" : [
            0.7717697431119106,
            -0.62705747723635363,
            0.10569003670618687,
            -0.62705747723635363,
            -0.72282625940706291,
            0.29038098931157869,
            -0.10569003670618687,
            -0.29038098931157869,
            -0.95105651629515231
         ],
         "translation" : [ -0.042276014682474751, -0.11615239572463149, 0.38042260651806142 ]
      },
      {
         "id" : 28,
         "rotation" : [
            0.77176974311191027,
            -0.62705747723635452,
            -0.10569003670618683,
            -0.62705747723635452,
            -0.72282625940706557,
            -0.29038098931157857,
            0.10569003670618683,
            0.29038098931157857,
            -0.95105651629515542
         ],
         "translation" : [ 0.042276014682474737, 0.11615239572463144, 0.38042260651806148 ]
      },
      {
         "id" : 29,
         "rotation" : [
            0.8142644085462204,
            -0.51030434350830867,
            -0.27670010836902115,
            -0.51030434350830867,
            -0.40204966083869365,
            -0.76022729970453284,
            0.27670010836902115,
            0.76022729970453284,
            -0.58778525229247336
         ],
         "translation" : [ 0.11068004334760848, 0.30409091988181314, 0.23511410091698931 ]
      },
      {
         "id" : 30,
         "rotation" : [
            0.88302222155948906,
            -0.32139380484326963,
            -0.34202014332566866,
            -0.32139380484326963,
            0.11697777844051083,
            -0.93969262078590854,
            0.34202014332566866,
            0.93969262078590854,
            0
         ],
         "translation" : [ 0.13680805733026746, 0.37587704831436342, 0 ]
      },
      {
         "id" : 30,
         "rotation" : [
            0.25000000000000067,
            -0.43301270189221952,
            0.86602540378443826,
            -0.43301270189221952,
            0.74999999999999956,
            0.50000000000000044,
            -0.86602540378443826,
            -0.50000000000000044,
            0
         ],
         "translation" : [ -0.34641016151377535, -0.20000000000000018, 0 ]
      },
      {
         "id" : 31,
         "rotation" : [
            -0.19083893921935435,
            -0.68753118211978348,
            0.70062926922203672,
            -0.68753118211978348,
            0.60305368692688099,
            0.40450849718747411,
            -0.70062926922203672,
            -0.40450849718747411,
            -0.58778525229247336
         ],
         "translation" : [ -0.28025170768881469, -0.16180339887498965, 0.23511410091698925 ]
      },
      {
         "id" : 32,
         "rotation" : [
            -0.46329238722136301,
            -0.84483225366538517,
            0.26761656732981737,
            -0.84483225366538517,
            0.51223587092621103,
            0.15450849718747386,
            -0.26761656732981737,
            -0.15450849718747386,
            -0.95105651629515187
         ],
         "translation" : [ -0.10704662693192696, -0.061803398874989549, 0.38042260651806142 ]
      },
      {
         "id" : 33,
         "rotation" : [
            -0.46329238722136568,
            -0.84483225366538661,
            -0.26761656732981731,
            -0.84483225366538661,
            0.51223587092621026,
            -0.15450849718747381,
            0.26761656732981731,
            0.15450849718747381,
            -0.95105651629515542
         ],
         "translation" : [ 0.10704662693192693, 0.061803398874989528, 0.38042260651806148 ]
      },
      {
         "id" : 34,
         "rotation" : [
            -0.19083893921935413,
            -0.68753118211978337,
            -0.7006292692220365,
            -0.68753118211978337,
            0.60305368692688088,
            -0.40450849718747411,
            0.7006292692220365,
            0.40450849718747411,
            -0.58778525229247336
         ],
         "translation" : [ 0.28025170768881463, 0.16180339887498962, 0.23511410091698931 ]
      },
      {
         "id" : 35,
         "rotation" : [
            0.25000000000000067,
            -0.43301270189221952,
            -0.86602540378443826,
            -0.43301270189221952,
            0.74999999999999956,
            -0.50000000000000044,
            0.86602540378443826,
            0.50000000000000044,
            0
         ],
         "translation" : [ 0.34641016151377535, 0.20000000000000018, 0 ]
      },
      {
         "id" : 35,
         "rotation" : [
            0.030153689607045675,
            0.171010071662834,
            0.98480775301220813,
            0.171010071662834,
            0.96984631039295432,
            -0.17364817766692997,
            -0.98480775301220813,
            0.17364817766692997,
            0
         ],
         "translation" : [ -0.39392310120488327, 0.069459271066771994, 0 ]
      },
      {
         "id" : 36,
         "rotation" : [
            -0.53990766863220108,
            0.2715272697797268,
            0.79672620837908215,
            0.2715272697797268,
            0.95212241633972805,
            -0.14048432677478656,
            -0.79672620837908215,
            0.14048432677478656,
            -0.58778525229247292
         ],
         "translation" : [ -0.31869048335163291, 0.056193730709914631, 0.23511410091698925 ]
      },
      {
         "id" : 37,
         "rotation" : [
            -0.89222496369698434,
            0.33365031466987327,
            0.30432233187297814,
            0.33365031466987327,
            0.94116844740183214,
            -0.053660237941321576,
            -0.30432233187297814,
            0.053660237941321576,
            -0.95105651629515231
         ],
         "translation" : [ -0.12172893274919126, 0.021464095176528631, 0.38042260651806142 ]
      },
      {
         "id" : 38,
         "rotation" : [
            -0.89222496369698789,
            0.33365031466987383,
            -0.30432233187297808,
            0.33365031466987383,
            0.94116844740183203,
            0.053660237941321562,
            0.30432233187297808,
            -0.053660237941321562,
            -0.95105651629515586
         ],
         "translation" : [ 0.12172893274919123, -0.021464095176528624, 0.38042260651806148 ]
      },
      {
         "id" : 39,
         "rotation" : [
            -0.53990766863220152,
            0.27152726977972691,
            -0.79672620837908215,
            0.27152726977972691,
            0.95212241633972805,
            0.14048432677478656,
            0.79672620837908215,
            -0.14048432677478656,
            -0.58778525229247358
         ],
         "translation" : [ 0.31869048335163286, -0.056193730709914624, 0.23511410091698931 ]
      },
      {
         "id" : 40,
         "rotation" : [
            0.030153689607045675,
            0.171010071662834,
            -0.98480775301220813,
            0.171010071662834,
            0.96984631039295432,
            0.17364817766692997,
            0.98480775301220813,
            -0.17364817766692997,
            0
         ],
         "translation" : [ 0.39392310120488327, -0.069459271066771994, 0 ]
      },
      {
         "id" : 40,
         "rotation" : [
            0.58682408883346493,
            0.49240387650610395,
            0.64278760968653958,
            0.49240387650610395,
            0.41317591116653529,
            -0.76604444311897779,
            -0.64278760968653958,
            0.76604444311897779,
            0
         ],
         "translation" : [ -0.25711504387461587, 0.30641777724759112, 0 ]
      },
      {
         "id" : 41,
         "rotation" : [
            0.34396538164727053,
            0.78183161328803619,
            0.52002610001006111,
            0.78183161328803619,
            0.068249366060256444,
            -0.61974297292974578,
            -0.52002610001006111,
            0.61974297292974578,
            -0.58778525229247292
         ],
         "translation" : [ -0.20801044000402447, 0.24789718917189835, 0.23511410091698925 ]
      },
      {
         "id" : 42,
         "rotation" : [
            0.1938704461423445,
            0.9607077919062279,
            0.19863229516679132,
            0.9607077919062279,
            -0.14492696243749692,
            -0.23672075137025692,
            -0.19863229516679132,
            0.23672075137025692,
            -0.95105651629515231
         ],
         "translation" : [ -0.079452918066716532, 0.094688300548102775, 0.38042260651806142 ]
      },
      {
         "id" : 43,
         "rotation" : [
            0.19387044614234306,
            0.96070779190622946,
            -0.19863229516679129,
            0.96070779190622946,
            -0.1449269624374987,
            0.23672075137025683,
            0.19863229516679129,
            -0.23672075137025683,
            -0.95105651629515564
         ],
         "translation" : [ 0.079452918066716505, -0.094688300548102733, 0.38042260651806148 ]
      },
      {
         "id" : 44,
         "rotation" : [
            0.3439653816472702,
            0.78183161328803652,
            -0.52002610001006111,
            0.78183161328803652,
            0.068249366060256222,
            0.61974297292974578,
            0.52002610001006111,
            -0.61974297292974578,
            -0.58778525229247358
         ],
         "translation" : [ 0.20801044000402444, -0.24789718917189832, 0.23511410091698931 ]
      },
      {
         "id" : 45,
         "rotation" : [
            0.58682408883346493,
            0.49240387650610395,
            -0.64278760968653958,
            0.49240387650610395,
            0.41317591116653529,
            0.76604444311897779,
            0.64278760968653958,
            -0.76604444311897779,
            0
         ],
         "translation" : [ 0.25711504387461587, -0.30641777724759112, 0 ]
      },
      {
         "id" : 45,
         "rotation" : [ 1, 0, 0, 0, 0, -1, 0, 1, 0 ],
         "translation" : [ 0, 0.40000000000000002, 0 ]
      },
      {
         "id" : 46,
         "rotation" : [
            1,
            0,
            0,
            0,
            -0.58778525229247358,
            -0.80901699437494756,
            0,
            0.80901699437494756,
            -0.58778525229247358
         ],
         "translation" : [ 0, 0.32360679774997902, 0.23511410091698925 ]
      },
      {
         "id" : 47,
         "rotation" : [
            1,
            0,
            0,
            0,
            -0.95105651629515253,
            -0.30901699437494745,
            0,
            0.30901699437494745,
            -0.95105651629515253
         ],
         "translation" : [ 0, 0.12360679774997899, 0.38042260651806142 ]
      },
      {
         "id" : 48,
         "rotation" : [
            1,
            0,
            0,
            0,
            -0.95105651629515542,
            0.30901699437494734,
            0,
            -0.30901699437494734,
            -0.95105651629515542
         ],
         "translation" : [ 0, -0.12360679774997894, 0.38042260651806148 ]
      },
      {
         "id" : 49,
         "rotation" : [
            1,
            0,
            0,
            0,
            -0.58778525229247336,
            0.80901699437494734,
            0,
            -0.80901699437494734,
            -0.58778525229247336
         ],
         "translation" : [ 0, -0.32360679774997897, 0.23511410091698931 ]
      },
      {
         "id" : 50,
         "rotation" : [ 1, 0, 0, 0, 0, 1, 0, -1, 0 ],
         "translation" : [ 0, -0.40000000000000002, 0 ]
      }
   ]
}
