00_orientation: [1.5707963267948963, 0.0, 0.0]
00_position: [0.0, 0.0, 0.5]
01_orientation: [0.2690781628631509, -1.5707963267948963, 0.26907816286315084]
01_position: [0.0, 0.0, 0.5]
02_orientation: [1.5707963267948968, -3.141592653589793, 3.141592653589793]
02_position: [0.0, 0.0, 0.5]
03_orientation: [2.4504269027445873, 1.570796326794897, -2.4504269027445873]
03_position: [0.0, 0.0, 0.5]
04_orientation: [2.356194490192345, 0.0, -0.0]
04_position: [0.0, 0.0, 0.5]
05_orientation: [3.141592653589793, -0.7853981633974485, 3.141592653589793]
05_position: [0.0, 0.0, 0.5]
06_orientation: [0.7853981633974483, -3.141592653589793, 3.141592653589793]
06_position: [0.0, 0.0, 0.5]
07_orientation: [-0.0, 2.356194490192345, -3.1359042830742695e-16]
07_position: [0.0, 0.0, 0.5]
08_orientation: [-0.0, 3.141592653589793, -3.141592653589793]
08_position: [0.0, 0.0, 0.5]
09_orientation: [3.141592653589793, 0.0, -3.141592653589793]
09_position: [0.0, 0.0, 0.5]
10_orientation: [-0.0, 3.141592653589793, -3.141592653589793]
10_position: [0.0, 0.0, 0.5]
11_orientation: [-0.0, 3.141592653589793, -3.141592653589793]
11_position: [0.0, 0.0, 0.5]
12_orientation: [0.7853981633974483, 3.141592653589793, -3.141592653589793]
12_position: [0.0, 0.0, 0.5]
13_orientation: [-0.0, 2.356194490192345, -1.0453014276914231e-16]
13_position: [0.0, 0.0, 0.5]
14_orientation: [2.356194490192345, 8.659560562354932e-17, -2.0906028553828462e-16]
14_position: [0.0, 0.0, 0.5]
15_orientation: [3.141592653589793, -0.7853981633974483, 3.1415926535897927]
15_position: [0.0, 0.0, 0.5]
intrinsic: [800.0, 0.0, 400.0, 0.0, 800.0, 400.0, 0.0, 0.0, 1.0]
views: 16
