[-1.0, 0.0, 0.0, 0.0, 0.0, -1.0, -0.0, -1.0, -0.0]
[0.0, 0.0, 500.0]
[0.5, -0.86603, 0.0, 0.0, -0.0, -1.0, 0.86603, 0.5, -0.0]
[0.0, 0.0, 500.0]
[0.5, 0.86603, 0.0, 0.0, -0.0, -1.0, -0.86603, 0.5, -0.0]
[0.0, 0.0, 500.0]
[-1.0, 0.0, 0.0, 0.0, 0.30898, -0.95107, -0.0, -0.95107, -0.30898]
[0.0, 0.0, 500.0]
[0.5, -0.86603, 0.0, -0.26759, -0.15449, -0.95107, 0.82365, 0.47553, -0.30898]
[0.0, 0.0, 500.0]
[0.5, 0.86603, 0.0, 0.26759, -0.15449, -0.95107, -0.82365, 0.47553, -0.30898]
[0.0, 0.0, 500.0]
[-1.0, 0.0, 0.0, 0.0, 0.58773, -0.80906, -0.0, -0.80906, -0.58773]
[0.0, 0.0, 500.0]
[0.5, -0.86603, -0.0, -0.50899, -0.29386, -0.80906, 0.70066, 0.40453, -0.58773]
[0.0, 0.0, 500.0]
[0.5, 0.86603, -0.0, 0.50899, -0.29386, -0.80906, -0.70066, 0.40453, -0.58773]
[0.0, 0.0, 500.0]
[-1.0, 0.0, 0.0, 0.0, 0.80896, -0.58787, -0.0, -0.58787, -0.80896]
[0.0, 0.0, 500.0]
[0.5, -0.86603, 0.0, -0.70058, -0.40448, -0.58787, 0.50911, 0.29394, -0.80896]
[0.0, 0.0, 500.0]
[0.5, 0.86603, 0.0, 0.70058, -0.40448, -0.58787, -0.50911, 0.29393, -0.80896]
[0.0, 0.0, 500.0]
[-1.0, 0.0, 0.0, 0.0, 0.95101, -0.30915, -0.0, -0.30915, -0.95101]
[0.0, 0.0, 500.0]
[0.5, -0.86603, 0.0, -0.8236, -0.47551, -0.30915, 0.26773, 0.15457, -0.95101]
[0.0, 0.0, 500.0]
[0.5, 0.86603, 0.0, 0.8236, -0.47551, -0.30915, -0.26773, 0.15457, -0.95101]
[0.0, 0.0, 500.0]
[-1.0, 0.0, 0.0, 0.0, 1.0, -0.00017, -0.0, -0.00017, -1.0]
[0.0, 0.0, 500.0]
[0.5, -0.86603, 0.0, -0.86603, -0.5, -0.00017, 0.00015, 9e-05, -1.0]
[0.0, 0.0, 500.0]
[0.5, 0.86603, 0.0, 0.86603, -0.5, -0.00017, -0.00015, 9e-05, -1.0]
[0.0, 0.0, 500.0]
